212 206 15 20
212 218 10 15
206 201 5 10
201 200 10 10
219 226 10 25
226 230 15 20
226 236 15 20
230 229 15 20
236 229 15 25
230 231 5 15
236 231 5 10
231 305 5 10
305 300 5 10
305 308 5 10
308 300 30 25
308 312 10 10
312 316 10 15
316 317 10 15
317 321 10 20
321 323 5 15
323 328 5 15
348 345 25 25
345 339 25 25
339 338 15 20
338 337 15 20
337 328 30 25
345 347 5 15
347 408 5 15
408 410 10 20
408 423 10 20
408 419 10 30
419 418 20 20
419 413 25 30
410 423 15 20
410 413 30 25
413 417 30 25
417 418 15 15
408 418 15 20
408 406 20 25
406 405 30 30
405 403 30 30
403 400 15 15
400 402 10 20
427 424 15 15
427 433 15 15
424 433 20 20