719 726 5 15
719 718 5 30
719 734 5 15
726 720 10 15
718 717 5 15
734 727 10 15
720 718 5 10
727 718 5 10
717 716 30 30
716 712 30 30
712 715 5 20
715 700 10 30
712 711 15 25
712 710 19 20
711 701 10 15
701 702 5 15
701 700 10 15
702 709 5 10
710 709 10 10
710 708 10 10
709 708 10 10
708 706 10 15
706 703 5 10
702 703 10 10
703 705 10 15
703 661 5 10
705 661 5 10
661 660 5 10
661 650 5 20
661 663 10 20
660 656 10 25
656 651 10 30
651 641 5 15
641 640 5 15
640 636 10 20
636 635 10 20
635 633 10 10
633 632 15 15
632 617 10 20
617 605 10 20
605 601 10 15
601 600 10 10
663 600 10 15
605 606 5 10
606 526 5 10
526 519 5 15
519 517 5 10
517 516 10 10
516 526 5 10
516 531 10 15
531 500 15 20
500 501 10 10
501 503 10 10
503 505 10 10
505 507 5 20
507 517 10 20
505 557 5 10
557 552 10 10
552 548 15 15
548 544 15 10
544 535 10 10
535 500 5 15
552 558 5 10
548 558 5 10
558 564 10 20